# train.py run 2026-09-27T09:35:19-07:00
base_model=intfloat/multilingual-e5-small device=mps hardware=Apple M5 Max python=3.14.7 torch=2.14.0
seed=2026 epochs=3 batch=32 lr=3e-05 warmup=0.1 max_seq_length=64 loss=MultipleNegativesRankingLoss(scale=20, cos_sim) + 1 hard negative per pair
train_pairs=798 steps=85 (batches filled without intent collisions)

epoch	step	batch_size	loss	lr
1	1	32	3.2842	7.50e-06
1	2	32	3.3029	1.13e-05
1	3	32	3.4721	1.50e-05
1	4	32	3.0878	1.88e-05
1	5	32	3.0075	2.25e-05
1	6	32	3.0649	2.63e-05
1	7	32	3.1455	3.00e-05
1	8	32	2.8416	3.00e-05
1	9	32	2.4652	2.96e-05
1	10	32	2.2721	2.92e-05
1	11	32	2.1433	2.88e-05
1	12	32	1.7920	2.84e-05
1	13	32	2.0547	2.81e-05
1	14	32	1.6701	2.77e-05
1	15	32	1.3397	2.73e-05
1	16	32	1.5906	2.69e-05
1	17	32	0.8370	2.65e-05
1	18	32	1.0807	2.61e-05
1	19	32	0.8368	2.57e-05
1	20	32	0.7230	2.53e-05
1	21	32	0.6641	2.49e-05
1	22	32	0.6581	2.45e-05
1	23	32	0.7829	2.42e-05
1	24	32	0.6550	2.38e-05
1	25	17	0.4178	2.34e-05
1	26	11	0.6793	2.30e-05
1	27	2	0.0008	2.26e-05
# epoch 1 mean loss 1.7729
2	28	32	0.5030	2.22e-05
2	29	32	0.3134	2.18e-05
2	30	32	0.6762	2.14e-05
2	31	32	0.5680	2.10e-05
2	32	32	0.2060	2.06e-05
2	33	32	0.2850	2.03e-05
2	34	32	0.2063	1.99e-05
2	35	32	0.3290	1.95e-05
2	36	32	0.2275	1.91e-05
2	37	32	0.5216	1.87e-05
2	38	32	0.2620	1.83e-05
2	39	32	0.2149	1.79e-05
2	40	32	0.3046	1.75e-05
2	41	32	0.2450	1.71e-05
2	42	32	0.2032	1.68e-05
2	43	32	0.1993	1.64e-05
2	44	32	0.2889	1.60e-05
2	45	32	0.2690	1.56e-05
2	46	32	0.4021	1.52e-05
2	47	32	0.3623	1.48e-05
2	48	32	0.2483	1.44e-05
2	49	32	0.1995	1.40e-05
2	50	32	0.1324	1.36e-05
2	51	32	0.2126	1.32e-05
2	52	16	0.1478	1.29e-05
2	53	9	0.0137	1.25e-05
2	54	3	0.0247	1.21e-05
2	55	1	0.0000	1.17e-05
2	56	1	0.0003	1.13e-05
# epoch 2 mean loss 0.2609
3	57	32	0.1581	1.09e-05
3	58	32	0.2128	1.05e-05
3	59	32	0.1242	1.01e-05
3	60	32	0.2291	9.74e-06
3	61	32	0.0914	9.35e-06
3	62	32	0.1081	8.96e-06
3	63	32	0.1176	8.57e-06
3	64	32	0.2164	8.18e-06
3	65	32	0.0845	7.79e-06
3	66	32	0.1056	7.40e-06
3	67	32	0.0624	7.01e-06
3	68	32	0.2494	6.62e-06
3	69	32	0.1414	6.23e-06
3	70	32	0.1062	5.84e-06
3	71	32	0.1040	5.45e-06
3	72	32	0.0909	5.06e-06
3	73	32	0.1657	4.68e-06
3	74	32	0.2232	4.29e-06
3	75	32	0.1677	3.90e-06
3	76	32	0.0970	3.51e-06
3	77	32	0.0614	3.12e-06
3	78	32	0.1159	2.73e-06
3	79	29	0.0642	2.34e-06
3	80	29	0.3065	1.95e-06
3	81	17	0.1531	1.56e-06
3	82	12	0.0107	1.17e-06
3	83	5	0.0156	7.79e-07
3	84	1	0.0002	3.90e-07
3	85	1	0.0062	0.00e+00
# epoch 3 mean loss 0.1238

train_wall_seconds=18.6
epoch_mean_loss=[1.7729, 0.2609, 0.1238]
saved=finetune/model bytes_on_disk=488220223
